# particles
380.0000 -300.0000 0.0000 1
373.0836 -300.0000 32.5389 0
353.5304 -300.0000 59.4516 0
324.7214 -300.0000 76.0845 0
291.6377 -300.0000 79.5618 0
260.0000 -300.0000 69.2820 0
235.2786 -300.0000 47.0228 0
221.7482 -300.0000 16.6329 0
221.7482 -300.0000 -16.6329 0
235.2786 -300.0000 -47.0228 0
260.0000 -300.0000 -69.2820 0
291.6377 -300.0000 -79.5618 0
324.7214 -300.0000 -76.0845 0
353.5304 -300.0000 -59.4516 0
373.0836 -300.0000 -32.5389 0
367.2000 -275.0000 0.0000 0
361.3903 -275.0000 27.3327 0
344.9656 -275.0000 49.9393 0
320.7659 -275.0000 63.9110 0
292.9757 -275.0000 66.8319 0
266.4000 -275.0000 58.1969 0
245.6341 -275.0000 39.4992 0
234.2685 -275.0000 13.9717 0
234.2685 -275.0000 -13.9717 0
245.6341 -275.0000 -39.4992 0
266.4000 -275.0000 -58.1969 0
292.9757 -275.0000 -66.8319 0
320.7659 -275.0000 -63.9110 0
344.9656 -275.0000 -49.9393 0
361.3903 -275.0000 -27.3327 0
354.4000 -250.0000 0.0000 0
349.6969 -250.0000 22.1265 0
336.4007 -250.0000 40.4271 0
316.8105 -250.0000 51.7375 0
294.3137 -250.0000 54.1020 0
272.8000 -250.0000 47.1118 0
255.9895 -250.0000 31.9755 0
246.7888 -250.0000 11.3104 0
246.7888 -250.0000 -11.3104 0
255.9895 -250.0000 -31.9755 0
272.8000 -250.0000 -47.1118 0
294.3137 -250.0000 -54.1020 0
316.8105 -250.0000 -51.7375 0
336.4007 -250.0000 -40.4271 0
349.6969 -250.0000 -22.1265 0
341.6000 -225.0000 0.0000 0
338.0035 -225.0000 16.9202 0
327.8358 -225.0000 30.9148 0
312.8551 -225.0000 39.5640 0
295.6516 -225.0000 41.3721 0
279.2000 -225.0000 36.0267 0
266.3449 -225.0000 24.4519 0
259.3091 -225.0000 8.6491 0
259.3091 -225.0000 -8.6491 0
266.3449 -225.0000 -24.4519 0
279.2000 -225.0000 -36.0267 0
295.6516 -225.0000 -41.3721 0
312.8551 -225.0000 -39.5640 0
327.8358 -225.0000 -30.9148 0
338.0035 -225.0000 -16.9202 0
328.8000 -200.0000 0.0000 0
326.3101 -200.0000 11.7140 0
319.2710 -200.0000 21.4026 0
308.8997 -200.0000 27.3904 0
296.9896 -200.0000 28.6422 0
285.6000 -200.0000 24.9415 0
276.7003 -200.0000 16.9282 0
271.8293 -200.0000 5.9879 0
271.8293 -200.0000 -5.9879 0
276.7003 -200.0000 -16.9282 0
285.6000 -200.0000 -24.9415 0
296.9896 -200.0000 -28.6422 0
308.8997 -200.0000 -27.3904 0
319.2710 -200.0000 -21.4026 0
326.3101 -200.0000 -11.7140 0
316.0000 -175.0000 0.0000 0
314.6167 -175.0000 6.5078 0
310.7061 -175.0000 11.8903 0
304.9443 -175.0000 15.2169 0
298.3275 -175.0000 15.9124 0
292.0000 -175.0000 13.8564 0
287.0557 -175.0000 9.4046 0
284.3496 -175.0000 3.3266 0
284.3496 -175.0000 -3.3266 0
287.0557 -175.0000 -9.4046 0
292.0000 -175.0000 -13.8564 0
298.3275 -175.0000 -15.9124 0
304.9443 -175.0000 -15.2169 0
310.7061 -175.0000 -11.8903 0
314.6167 -175.0000 -6.5078 0
303.2000 -150.0000 0.0000 0
302.9233 -150.0000 1.3016 0
302.1412 -150.0000 2.3781 0
300.9889 -150.0000 3.0434 0
299.6655 -150.0000 3.1825 0
298.4000 -150.0000 2.7713 0
297.4111 -150.0000 1.8809 0
296.8699 -150.0000 0.6653 0
296.8699 -150.0000 -0.6653 0
297.4111 -150.0000 -1.8809 0
298.4000 -150.0000 -2.7713 0
299.6655 -150.0000 -3.1825 0
300.9889 -150.0000 -3.0434 0
302.1412 -150.0000 -2.3781 0
302.9233 -150.0000 -1.3016 0
380.0000 -125.0000 0.0000 0
373.0836 -125.0000 32.5389 0
353.5304 -125.0000 59.4516 0
324.7214 -125.0000 76.0845 0
291.6377 -125.0000 79.5618 0
260.0000 -125.0000 69.2820 0
235.2786 -125.0000 47.0228 0
221.7482 -125.0000 16.6329 0
221.7482 -125.0000 -16.6329 0
235.2786 -125.0000 -47.0228 0
260.0000 -125.0000 -69.2820 0
291.6377 -125.0000 -79.5618 0
324.7214 -125.0000 -76.0845 0
353.5304 -125.0000 -59.4516 0
373.0836 -125.0000 -32.5389 0
380.0000 -100.0000 0.0000 0
373.0836 -100.0000 32.5389 0
353.5304 -100.0000 59.4516 0
324.7214 -100.0000 76.0845 0
291.6377 -100.0000 79.5618 0
260.0000 -100.0000 69.2820 0
235.2786 -100.0000 47.0228 0
221.7482 -100.0000 16.6329 0
221.7482 -100.0000 -16.6329 0
235.2786 -100.0000 -47.0228 0
260.0000 -100.0000 -69.2820 0
291.6377 -100.0000 -79.5618 0
324.7214 -100.0000 -76.0845 0
353.5304 -100.0000 -59.4516 0
373.0836 -100.0000 -32.5389 0
380.0000 -75.0000 0.0000 0
373.0836 -75.0000 32.5389 0
353.5304 -75.0000 59.4516 0
324.7214 -75.0000 76.0845 0
291.6377 -75.0000 79.5618 0
260.0000 -75.0000 69.2820 0
235.2786 -75.0000 47.0228 0
221.7482 -75.0000 16.6329 0
221.7482 -75.0000 -16.6329 0
235.2786 -75.0000 -47.0228 0
260.0000 -75.0000 -69.2820 0
291.6377 -75.0000 -79.5618 0
324.7214 -75.0000 -76.0845 0
353.5304 -75.0000 -59.4516 0
373.0836 -75.0000 -32.5389 0
380.0000 -50.0000 0.0000 0
373.0836 -50.0000 32.5389 0
353.5304 -50.0000 59.4516 0
324.7214 -50.0000 76.0845 0
291.6377 -50.0000 79.5618 0
260.0000 -50.0000 69.2820 0
235.2786 -50.0000 47.0228 0
221.7482 -50.0000 16.6329 0
221.7482 -50.0000 -16.6329 0
235.2786 -50.0000 -47.0228 0
260.0000 -50.0000 -69.2820 0
291.6377 -50.0000 -79.5618 0
324.7214 -50.0000 -76.0845 0
353.5304 -50.0000 -59.4516 0
373.0836 -50.0000 -32.5389 0
380.0000 -25.0000 0.0000 0
373.0836 -25.0000 32.5389 0
353.5304 -25.0000 59.4516 0
324.7214 -25.0000 76.0845 0
291.6377 -25.0000 79.5618 0
260.0000 -25.0000 69.2820 0
235.2786 -25.0000 47.0228 0
221.7482 -25.0000 16.6329 0
221.7482 -25.0000 -16.6329 0
235.2786 -25.0000 -47.0228 0
260.0000 -25.0000 -69.2820 0
291.6377 -25.0000 -79.5618 0
324.7214 -25.0000 -76.0845 0
353.5304 -25.0000 -59.4516 0
373.0836 -25.0000 -32.5389 0
380.0000 0.0000 0.0000 0
373.0836 0.0000 32.5389 0
353.5304 0.0000 59.4516 0
324.7214 0.0000 76.0845 0
291.6377 0.0000 79.5618 0
260.0000 0.0000 69.2820 0
235.2786 0.0000 47.0228 0
221.7482 0.0000 16.6329 0
221.7482 0.0000 -16.6329 0
235.2786 0.0000 -47.0228 0
260.0000 0.0000 -69.2820 0
291.6377 0.0000 -79.5618 0
324.7214 0.0000 -76.0845 0
353.5304 0.0000 -59.4516 0
373.0836 0.0000 -32.5389 0
380.0000 25.0000 0.0000 0
373.0836 25.0000 32.5389 0
353.5304 25.0000 59.4516 0
324.7214 25.0000 76.0845 0
291.6377 25.0000 79.5618 0
260.0000 25.0000 69.2820 0
235.2786 25.0000 47.0228 0
221.7482 25.0000 16.6329 0
221.7482 25.0000 -16.6329 0
235.2786 25.0000 -47.0228 0
260.0000 25.0000 -69.2820 0
291.6377 25.0000 -79.5618 0
324.7214 25.0000 -76.0845 0
353.5304 25.0000 -59.4516 0
373.0836 25.0000 -32.5389 0
380.0000 50.0000 0.0000 0
373.0836 50.0000 32.5389 0
353.5304 50.0000 59.4516 0
324.7214 50.0000 76.0845 0
291.6377 50.0000 79.5618 0
260.0000 50.0000 69.2820 0
235.2786 50.0000 47.0228 0
221.7482 50.0000 16.6329 0
221.7482 50.0000 -16.6329 0
235.2786 50.0000 -47.0228 0
260.0000 50.0000 -69.2820 0
291.6377 50.0000 -79.5618 0
324.7214 50.0000 -76.0845 0
353.5304 50.0000 -59.4516 0
373.0836 50.0000 -32.5389 0
380.0000 75.0000 0.0000 0
373.0836 75.0000 32.5389 0
353.5304 75.0000 59.4516 0
324.7214 75.0000 76.0845 0
291.6377 75.0000 79.5618 0
260.0000 75.0000 69.2820 0
235.2786 75.0000 47.0228 0
221.7482 75.0000 16.6329 0
221.7482 75.0000 -16.6329 0
235.2786 75.0000 -47.0228 0
260.0000 75.0000 -69.2820 0
291.6377 75.0000 -79.5618 0
324.7214 75.0000 -76.0845 0
353.5304 75.0000 -59.4516 0
373.0836 75.0000 -32.5389 0
380.0000 100.0000 0.0000 0
373.0836 100.0000 32.5389 0
353.5304 100.0000 59.4516 0
324.7214 100.0000 76.0845 0
291.6377 100.0000 79.5618 0
260.0000 100.0000 69.2820 0
235.2786 100.0000 47.0228 0
221.7482 100.0000 16.6329 0
221.7482 100.0000 -16.6329 0
235.2786 100.0000 -47.0228 0
260.0000 100.0000 -69.2820 0
291.6377 100.0000 -79.5618 0
324.7214 100.0000 -76.0845 0
353.5304 100.0000 -59.4516 0
373.0836 100.0000 -32.5389 0
380.0000 125.0000 0.0000 0
373.0836 125.0000 32.5389 0
353.5304 125.0000 59.4516 0
324.7214 125.0000 76.0845 0
291.6377 125.0000 79.5618 0
260.0000 125.0000 69.2820 0
235.2786 125.0000 47.0228 0
221.7482 125.0000 16.6329 0
221.7482 125.0000 -16.6329 0
235.2786 125.0000 -47.0228 0
260.0000 125.0000 -69.2820 0
291.6377 125.0000 -79.5618 0
324.7214 125.0000 -76.0845 0
353.5304 125.0000 -59.4516 0
373.0836 125.0000 -32.5389 0
380.0000 150.0000 0.0000 0
373.0836 150.0000 32.5389 0
353.5304 150.0000 59.4516 0
324.7214 150.0000 76.0845 0
291.6377 150.0000 79.5618 0
260.0000 150.0000 69.2820 0
235.2786 150.0000 47.0228 0
221.7482 150.0000 16.6329 0
221.7482 150.0000 -16.6329 0
235.2786 150.0000 -47.0228 0
260.0000 150.0000 -69.2820 0
291.6377 150.0000 -79.5618 0
324.7214 150.0000 -76.0845 0
353.5304 150.0000 -59.4516 0
373.0836 150.0000 -32.5389 0
380.0000 175.0000 0.0000 0
373.0836 175.0000 32.5389 0
353.5304 175.0000 59.4516 0
324.7214 175.0000 76.0845 0
291.6377 175.0000 79.5618 0
260.0000 175.0000 69.2820 0
235.2786 175.0000 47.0228 0
221.7482 175.0000 16.6329 0
221.7482 175.0000 -16.6329 0
235.2786 175.0000 -47.0228 0
260.0000 175.0000 -69.2820 0
291.6377 175.0000 -79.5618 0
324.7214 175.0000 -76.0845 0
353.5304 175.0000 -59.4516 0
373.0836 175.0000 -32.5389 0
380.0000 200.0000 0.0000 0
373.0836 200.0000 32.5389 0
353.5304 200.0000 59.4516 0
324.7214 200.0000 76.0845 0
291.6377 200.0000 79.5618 0
260.0000 200.0000 69.2820 0
235.2786 200.0000 47.0228 0
221.7482 200.0000 16.6329 0
221.7482 200.0000 -16.6329 0
235.2786 200.0000 -47.0228 0
260.0000 200.0000 -69.2820 0
291.6377 200.0000 -79.5618 0
324.7214 200.0000 -76.0845 0
353.5304 200.0000 -59.4516 0
373.0836 200.0000 -32.5389 0
380.0000 225.0000 0.0000 0
373.0836 225.0000 32.5389 0
353.5304 225.0000 59.4516 0
324.7214 225.0000 76.0845 0
291.6377 225.0000 79.5618 0
260.0000 225.0000 69.2820 0
235.2786 225.0000 47.0228 0
221.7482 225.0000 16.6329 0
221.7482 225.0000 -16.6329 0
235.2786 225.0000 -47.0228 0
260.0000 225.0000 -69.2820 0
291.6377 225.0000 -79.5618 0
324.7214 225.0000 -76.0845 0
353.5304 225.0000 -59.4516 0
373.0836 225.0000 -32.5389 0
380.0000 250.0000 0.0000 0
373.0836 250.0000 32.5389 0
353.5304 250.0000 59.4516 0
324.7214 250.0000 76.0845 0
291.6377 250.0000 79.5618 0
260.0000 250.0000 69.2820 0
235.2786 250.0000 47.0228 0
221.7482 250.0000 16.6329 0
221.7482 250.0000 -16.6329 0
235.2786 250.0000 -47.0228 0
260.0000 250.0000 -69.2820 0
291.6377 250.0000 -79.5618 0
324.7214 250.0000 -76.0845 0
353.5304 250.0000 -59.4516 0
373.0836 250.0000 -32.5389 0
380.0000 275.0000 0.0000 0
373.0836 275.0000 32.5389 0
353.5304 275.0000 59.4516 0
324.7214 275.0000 76.0845 0
291.6377 275.0000 79.5618 0
260.0000 275.0000 69.2820 0
235.2786 275.0000 47.0228 0
221.7482 275.0000 16.6329 0
221.7482 275.0000 -16.6329 0
235.2786 275.0000 -47.0228 0
260.0000 275.0000 -69.2820 0
291.6377 275.0000 -79.5618 0
324.7214 275.0000 -76.0845 0
353.5304 275.0000 -59.4516 0
373.0836 275.0000 -32.5389 0
380.0000 300.0000 0.0000 1
373.0836 300.0000 32.5389 1
353.5304 300.0000 59.4516 1
324.7214 300.0000 76.0845 1
291.6377 300.0000 79.5618 1
260.0000 300.0000 69.2820 1
235.2786 300.0000 47.0228 1
221.7482 300.0000 16.6329 1
221.7482 300.0000 -16.6329 1
235.2786 300.0000 -47.0228 1
260.0000 300.0000 -69.2820 1
291.6377 300.0000 -79.5618 1
324.7214 300.0000 -76.0845 1
353.5304 300.0000 -59.4516 1
373.0836 300.0000 -32.5389 1

# constraints
0 15
1 16
2 17
3 18
4 19
5 20
6 21
7 22
8 23
9 24
10 25
11 26
12 27
13 28
14 29
15 30
16 31
17 32
18 33
19 34
20 35
21 36
22 37
23 38
24 39
25 40
26 41
27 42
28 43
29 44
30 45
31 46
32 47
33 48
34 49
35 50
36 51
37 52
38 53
39 54
40 55
41 56
42 57
43 58
44 59
45 60
46 61
47 62
48 63
49 64
50 65
51 66
52 67
53 68
54 69
55 70
56 71
57 72
58 73
59 74
60 75
61 76
62 77
63 78
64 79
65 80
66 81
67 82
68 83
69 84
70 85
71 86
72 87
73 88
74 89
75 90
76 91
77 92
78 93
79 94
80 95
81 96
82 97
83 98
84 99
85 100
86 101
87 102
88 103
89 104
90 105
91 106
92 107
93 108
94 109
95 110
96 111
97 112
98 113
99 114
100 115
101 116
102 117
103 118
104 119
105 120
106 121
107 122
108 123
109 124
110 125
111 126
112 127
113 128
114 129
115 130
116 131
117 132
118 133
119 134
120 135
121 136
122 137
123 138
124 139
125 140
126 141
127 142
128 143
129 144
130 145
131 146
132 147
133 148
134 149
135 150
136 151
137 152
138 153
139 154
140 155
141 156
142 157
143 158
144 159
145 160
146 161
147 162
148 163
149 164
150 165
151 166
152 167
153 168
154 169
155 170
156 171
157 172
158 173
159 174
160 175
161 176
162 177
163 178
164 179
165 180
166 181
167 182
168 183
169 184
170 185
171 186
172 187
173 188
174 189
175 190
176 191
177 192
178 193
179 194
180 195
181 196
182 197
183 198
184 199
185 200
186 201
187 202
188 203
189 204
190 205
191 206
192 207
193 208
194 209
195 210
196 211
197 212
198 213
199 214
200 215
201 216
202 217
203 218
204 219
205 220
206 221
207 222
208 223
209 224
210 225
211 226
212 227
213 228
214 229
215 230
216 231
217 232
218 233
219 234
220 235
221 236
222 237
223 238
224 239
225 240
226 241
227 242
228 243
229 244
230 245
231 246
232 247
233 248
234 249
235 250
236 251
237 252
238 253
239 254
240 255
241 256
242 257
243 258
244 259
245 260
246 261
247 262
248 263
249 264
250 265
251 266
252 267
253 268
254 269
255 270
256 271
257 272
258 273
259 274
260 275
261 276
262 277
263 278
264 279
265 280
266 281
267 282
268 283
269 284
270 285
271 286
272 287
273 288
274 289
275 290
276 291
277 292
278 293
279 294
280 295
281 296
282 297
283 298
284 299
285 300
286 301
287 302
288 303
289 304
290 305
291 306
292 307
293 308
294 309
295 310
296 311
297 312
298 313
299 314
300 315
301 316
302 317
303 318
304 319
305 320
306 321
307 322
308 323
309 324
310 325
311 326
312 327
313 328
314 329
315 330
316 331
317 332
318 333
319 334
320 335
321 336
322 337
323 338
324 339
325 340
326 341
327 342
328 343
329 344
330 345
331 346
332 347
333 348
334 349
335 350
336 351
337 352
338 353
339 354
340 355
341 356
342 357
343 358
344 359
345 360
346 361
347 362
348 363
349 364
350 365
351 366
352 367
353 368
354 369
355 370
356 371
357 372
358 373
359 374
0 1
1 2
2 3
3 4
4 5
5 6
6 7
7 8
8 9
9 10
10 11
11 12
12 13
13 14
14 0
15 16
16 17
17 18
18 19
19 20
20 21
21 22
22 23
23 24
24 25
25 26
26 27
27 28
28 29
29 15
30 31
31 32
32 33
33 34
34 35
35 36
36 37
37 38
38 39
39 40
40 41
41 42
42 43
43 44
44 30
45 46
46 47
47 48
48 49
49 50
50 51
51 52
52 53
53 54
54 55
55 56
56 57
57 58
58 59
59 45
60 61
61 62
62 63
63 64
64 65
65 66
66 67
67 68
68 69
69 70
70 71
71 72
72 73
73 74
74 60
75 76
76 77
77 78
78 79
79 80
80 81
81 82
82 83
83 84
84 85
85 86
86 87
87 88
88 89
89 75
90 91
91 92
92 93
93 94
94 95
95 96
96 97
97 98
98 99
99 100
100 101
101 102
102 103
103 104
104 90
105 106
106 107
107 108
108 109
109 110
110 111
111 112
112 113
113 114
114 115
115 116
116 117
117 118
118 119
119 105
120 121
121 122
122 123
123 124
124 125
125 126
126 127
127 128
128 129
129 130
130 131
131 132
132 133
133 134
134 120
135 136
136 137
137 138
138 139
139 140
140 141
141 142
142 143
143 144
144 145
145 146
146 147
147 148
148 149
149 135
150 151
151 152
152 153
153 154
154 155
155 156
156 157
157 158
158 159
159 160
160 161
161 162
162 163
163 164
164 150
165 166
166 167
167 168
168 169
169 170
170 171
171 172
172 173
173 174
174 175
175 176
176 177
177 178
178 179
179 165
180 181
181 182
182 183
183 184
184 185
185 186
186 187
187 188
188 189
189 190
190 191
191 192
192 193
193 194
194 180
195 196
196 197
197 198
198 199
199 200
200 201
201 202
202 203
203 204
204 205
205 206
206 207
207 208
208 209
209 195
210 211
211 212
212 213
213 214
214 215
215 216
216 217
217 218
218 219
219 220
220 221
221 222
222 223
223 224
224 210
225 226
226 227
227 228
228 229
229 230
230 231
231 232
232 233
233 234
234 235
235 236
236 237
237 238
238 239
239 225
240 241
241 242
242 243
243 244
244 245
245 246
246 247
247 248
248 249
249 250
250 251
251 252
252 253
253 254
254 240
255 256
256 257
257 258
258 259
259 260
260 261
261 262
262 263
263 264
264 265
265 266
266 267
267 268
268 269
269 255
270 271
271 272
272 273
273 274
274 275
275 276
276 277
277 278
278 279
279 280
280 281
281 282
282 283
283 284
284 270
285 286
286 287
287 288
288 289
289 290
290 291
291 292
292 293
293 294
294 295
295 296
296 297
297 298
298 299
299 285
300 301
301 302
302 303
303 304
304 305
305 306
306 307
307 308
308 309
309 310
310 311
311 312
312 313
313 314
314 300
315 316
316 317
317 318
318 319
319 320
320 321
321 322
322 323
323 324
324 325
325 326
326 327
327 328
328 329
329 315
330 331
331 332
332 333
333 334
334 335
335 336
336 337
337 338
338 339
339 340
340 341
341 342
342 343
343 344
344 330
345 346
346 347
347 348
348 349
349 350
350 351
351 352
352 353
353 354
354 355
355 356
356 357
357 358
358 359
359 345
360 361
361 362
362 363
363 364
364 365
365 366
366 367
367 368
368 369
369 370
370 371
371 372
372 373
373 374
374 360
